101
176
209
313
401
491
611
621
642
654
695
775
1026
1058
1079
1150
1305
1343
1520
1550
1655
1686
1862
1889
2009
2066
2116
2189
2192
2200
2244
2288
2335
2342
2359
2472
2668
2708
2719
2731
2859
2862
2925
2938
2962
3085
3131
3168
3306
3457
3541
3567
3707
3748
3763
3827
3878
3897
4046
4073
4074
4212
4219
4250
4253
4419
4424
4428
4488
4592
4620
4639
4656
4674
4736
4777
4794
4822
4893
4903
4907
4957
4997
5011
5026
5078
5119
5138
5219
5238
5337
5404
5489
5524
5731
5735
5824
5849
5994
6028
6034
6138
6156
6216
6302
6308
6398
6483
6530
6536
6718
6808
6831
6842
6867
6886
6989
7013
7014
7208
7229
7231
7258
7344
7631
7649
7741
7798
7806
7858
7938
7947
8064
8098
8167
8178
8254
8272
8409
8420
8488
8530
8629
8639
8748
8784
8905
9016
9152
9198
9297
9432
9461
9500
9506
9539
9585
9600
9613
9689
9703
9717
9819
9863
9878
9904
9946
9985
10038
10039
10045
10047
10056
10085
10108
10116
10144
10182
10212
10293
10299
10579
10586
10684
10703
10738
10741
10758
10871
10898
10906
11021
11047
