40
43
87
96
156
196
198
206
213
233
236
241
273
360
389
419
427
439
463
473
519
520
524
534
553
564
595
631
659
676
698
727
738
744
827
915
949
963
964
971
976
1022
1049
1051
1053
1086
1110
1113
1162
1163
1184
1189
1237
1246
1271
1313
1328
1347
1385
1419
1455
1553
1610
1619
1646
1649
1652
1663
1683
1691
1733
1749
1807
1828
1830
1838
1875
1910
1931
1986
2026
2062
2147
2155
2287
2290
2345
2353
2372
2462
2504
2511
2548
2583
2594
2640
2663
2705
2732
2738
2742
2771
2840
2874
2894
2901
2922
2932
2945
2968
2981
3002
3023
3056
3148
3157
3210
3251
3259
3266
3338
3406
3410
3442
3444
3476
3504
3516
3554
3591
3592
3680
3698
3719
3747
3751
3816
3817
3819
3895
3911
3926
3984
4024
4047
4059
4135
4204
4246
4268
4289
4329
4372
4379
4383
4395
4425
4432
4469
4498
4596
4602
4609
4614
4616
4658
4671
4691
4705
4738
4742
4752
4775
4800
4852
4862
4866
4942
4960
4962
4981
5021
5052
5056
5062
5095
5113
5118
5120
5133
5173
5197
5201
5218
5270
5276
5355
5384
5393
5427
5444
5467
5491
5526
5561
5562
5621
5659
5729
5770
5821
5874
5896
5918
5953
5969
5983
6056
6059
6078
6079
6086
6126
6131
6191
6203
6219
6253
6281
6299
6332
6393
6414
6415
6427
6478
6479
6497
6544
6552
6567
6611
6657
6688
6701
6708
6742
6779
6856
6884
6901
6918
6940
6986
6994
7037
7041
7054
7057
7082
7105
7160
7230
7264
7316
7328
7339
7371
7380
7416
7431
7440
7497
7507
7516
7539
7560
7583
7700
7727
7747
7769
7770
7814
7834
7929
7952
7973
8096
8122
8124
8146
8157
8191
8228
8238
8290
8302
8314
8350
8370
8379
8525
8537
8548
8564
8615
8623
8649
8754
8766
8800
8809
8815
8817
8829
8910
8955
8956
8973
8999
9012
9022
9038
9051
9082
9122
9186
9267
9289
9299
9321
9362
9382
9389
9413
9420
9429
9517
9524
9537
9543
9544
9583
9591
9602
9633
9655
9679
9691
9715
9802
9814
9851
9875
9880
9896
9949
9965
9971
9980
10063
10090
10092
10104
10125
10149
10174
10179
10196
10201
10215
10224
10229
10233
10277
10305
10342
10383
10387
10392
10394
10417
10480
10517
10531
10590
10619
10633
10717
10733
10808
10811
10813
10823
10837
10841
10860
10904
10996
11003
11013
11019
11039
