63
142
229
298
452
532
567
608
718
889
991
1002
1111
1148
1214
1241
1257
1341
1356
1373
1427
1461
1468
1469
1480
1484
1654
1780
1808
1845
1848
1881
1929
1939
2012
2013
2034
2145
2220
2233
2454
2600
2626
2633
2676
2683
2776
2824
2913
2923
2929
2954
2974
3064
3112
3129
3275
3328
3352
3357
3372
3381
3399
3456
3472
3573
3618
3642
3757
3821
3903
3914
3974
3983
4045
4066
4150
4191
4380
4420
4507
4508
4684
4909
4911
4949
4970
5082
5087
5109
5248
5282
5316
5318
5348
5370
5382
5437
5445
5487
5508
5700
5725
5750
5800
5811
5853
5857
5886
5897
5976
6014
6042
6080
6124
6292
6376
6520
6563
6566
6633
6715
6738
6873
6883
7030
7036
7215
7365
7395
7550
7606
7633
7669
7702
7732
7940
7941
8006
8059
8109
8152
8153
8183
8265
8357
8481
8536
8663
8696
8731
8860
8935
9316
9519
9521
9629
9631
9687
9842
9943
10023
10054
10082
10089
10136
10143
10252
10274
10416
10515
10556
10665
10708
10783
10821
10825
10840
10955
11029
