6
9
33
133
191
245
316
320
331
368
456
508
531
619
685
768
803
969
986
1066
1156
1280
1371
1490
1587
1849
2071
2271
2328
2459
2572
2674
2675
2740
2814
2895
2935
3039
3194
3202
3256
3297
3373
3411
3445
3452
3507
3587
3657
3677
3978
3996
4218
4320
4524
4788
5067
5076
5245
5251
5506
5570
5610
5645
5670
5734
5740
5862
5967
6016
6037
6119
6155
6260
6325
6360
6507
6649
6898
7025
7028
7047
7255
7314
7356
7358
7436
7454
7508
7588
7683
7794
7831
7838
7856
7996
8013
8208
8247
8275
8286
8338
8339
8343
8446
8477
8498
8573
8667
8693
8835
8865
8944
8988
9112
9279
9385
9410
9494
9523
9605
9773
9795
9923
10223
10338
10340
10398
10468
10487
10490
10528
10609
10621
10745
10806
10818
10855
10925
11010
11033
