44
127
155
168
266
282
285
303
307
353
358
363
403
467
515
627
675
684
699
709
796
808
829
945
1018
1082
1210
1250
1298
1330
1350
1405
1441
1498
1555
1584
1638
1641
1672
1676
1699
1718
1726
1734
1772
1823
1955
1961
1965
1995
2042
2050
2112
2149
2160
2208
2281
2284
2316
2320
2323
2408
2488
2499
2537
2685
2724
2727
2728
2811
2865
2910
2916
2972
3014
3052
3053
3083
3096
3101
3126
3128
3139
3163
3257
3389
3394
3412
3414
3448
3481
3595
3641
3771
3777
3993
3997
4041
4058
4112
4119
4176
4307
4328
4340
4390
4393
4413
4440
4441
4472
4528
4564
4581
4648
4679
4708
4718
4721
4746
4764
4773
4787
4925
5045
5059
5060
5079
5083
5160
5217
5286
5289
5367
5369
5428
5468
5499
5503
5535
5576
5685
5693
5730
5777
5780
5839
5923
6009
6084
6115
6142
6215
6238
6394
6408
6461
6489
6493
6576
6587
6613
6655
6672
6678
6711
6764
6768
6797
6811
6880
6908
7008
7097
7115
7217
7219
7237
7327
7427
7437
7447
7490
7593
7607
7613
7651
7735
7736
7777
7826
7867
7957
7975
7986
8011
8044
8050
8082
8156
8161
8177
8194
8255
8258
8329
8354
8424
8453
8494
8553
8569
8595
8633
8666
8682
8700
8701
8798
8848
8864
8894
9011
9013
9157
9188
9197
9233
9247
9288
9364
9381
9387
9406
9437
9473
9608
9778
9816
9824
9870
9885
9916
10008
10048
10069
10071
10075
10096
10115
10127
10192
10240
10376
10388
10447
10503
10504
10529
10537
10571
10573
10606
10661
10679
10686
10700
10722
10778
10853
10932
10991
