23
345
442
529
622
624
683
739
766
962
1120
1205
1270
1392
1402
1446
1508
1575
1667
1770
1795
1831
1834
1844
1903
1909
1951
1983
2046
2056
2098
2206
2355
2616
2682
2693
2696
2754
2794
2912
2966
3087
3097
3184
3203
3220
3235
3264
3498
3619
3650
3735
3976
4104
4215
4350
4513
4621
4733
4924
4983
4984
5025
5061
5220
5237
5260
5327
5420
5475
5566
5604
5646
5665
5695
5743
5930
6002
6196
6232
6434
6471
6511
6600
6712
6783
6789
6805
6859
6863
6906
7019
7046
7104
7123
7268
7340
7348
7385
7557
7688
7874
7896
7903
7945
7981
7984
8023
8068
8404
8430
8558
8679
8697
8745
8885
8912
9073
9090
9103
9222
9325
9349
9446
9468
9542
9551
9568
9621
9677
9705
9706
9744
9808
10066
10200
10246
10273
10286
10291
10303
10311
10362
10470
10525
10544
10548
10561
10711
10781
10802
10846
11034
11050
