49
69
116
166
187
214
249
362
410
446
469
558
604
605
639
692
740
742
782
812
871
874
882
959
961
1003
1216
1252
1275
1348
1390
1443
1524
1538
1561
1562
1612
1680
1687
1717
1730
1890
1980
2040
2055
2095
2096
2157
2180
2191
2218
2250
2296
2297
2434
2456
2457
2486
2571
2611
2648
2690
2691
2715
2791
2809
2828
2830
2899
2950
2957
2965
3046
3074
3149
3170
3218
3303
3323
3361
3401
3431
3441
3514
3772
3781
3813
3822
3871
3881
3995
4000
4012
4050
4113
4174
4189
4197
4213
4230
4270
4304
4309
4343
4479
4494
4505
4526
4644
4667
4704
4711
4759
4829
5013
5194
5203
5277
5292
5398
5450
5454
5510
5532
5559
5602
5628
5637
5687
5696
5697
5710
5726
5742
5769
5871
5891
5958
6019
6021
6058
6110
6147
6280
6327
6329
6336
6377
6385
6490
6496
6568
6579
6632
6651
6668
6671
6798
6882
6899
6943
6977
7084
7095
7121
7125
7245
7263
7274
7307
7509
7522
7643
7697
7725
7764
7855
7961
8163
8182
8190
8193
8226
8248
8331
8368
8410
8411
8434
8438
8447
8467
8582
8603
8617
8789
8816
8838
8978
8992
8997
9060
9154
9249
9372
9497
9545
9749
9872
9876
9901
9950
10005
10064
10070
10093
10102
10162
10167
10384
10406
10419
10424
10449
10673
10729
10789
10790
10900
10908
10966
10989
11011
11043
