161
167
383
391
443
506
703
792
1088
1207
1231
1284
1291
1303
1311
1626
1647
1710
1774
1814
1941
2232
2396
2401
2445
2476
2650
2657
2713
2730
2777
2789
2810
2849
2883
2915
2921
3001
3015
3040
3140
3254
3331
3397
3470
3478
3513
3776
3796
4107
4234
4278
4314
4326
4471
4585
4688
4811
4836
4847
4874
4952
4964
4976
4988
5069
5141
5151
5312
5319
5347
5350
5357
5455
5496
5554
5598
5608
5662
5702
5732
5768
5774
5803
5883
5964
6160
6221
6258
6266
6315
6317
6409
6413
6426
6453
6510
6549
6626
6648
6719
6765
6826
6832
6862
6897
6919
6945
7022
7067
7085
7101
7127
7155
7198
7222
7277
7293
7377
7411
7545
7561
7636
7653
7663
7695
7712
7824
7861
7880
7914
8069
8150
8187
8340
8383
8425
8468
8470
8510
8516
8618
8656
8664
8684
8715
8781
8922
8932
9035
9085
9105
9140
9166
9200
9224
9228
9281
9330
9352
9380
9404
9480
9588
9612
9724
9770
9771
9817
9867
9931
9974
10000
10074
10103
10128
10150
10185
10292
10312
10598
10671
10793
10895
11052
