1
2
4
8
10
12
16
20
21
22
24
26
27
28
29
31
34
37
39
41
42
45
50
51
54
55
58
59
60
61
62
64
66
67
68
71
72
73
74
77
78
81
82
83
85
86
88
92
93
94
95
97
98
100
102
103
105
106
107
108
109
110
113
115
117
118
119
120
121
122
123
125
128
129
130
131
134
135
137
138
140
141
143
144
145
147
148
149
150
152
154
157
158
159
160
162
163
164
165
169
170
172
173
175
177
178
179
180
181
182
184
186
190
193
194
195
197
201
202
203
204
205
207
208
210
215
216
218
219
220
221
222
224
226
230
234
237
238
242
244
246
247
250
254
260
261
264
265
267
270
272
274
275
276
277
278
279
283
286
288
289
292
293
295
296
299
300
302
304
305
308
311
312
314
319
327
329
330
333
337
338
339
340
341
342
343
344
346
347
348
349
350
351
354
355
356
357
359
361
364
365
366
371
372
373
375
376
380
382
384
385
387
388
390
392
393
394
397
402
404
405
409
411
412
413
414
415
416
417
422
425
426
428
429
430
431
432
433
435
436
437
438
440
441
444
447
449
451
454
455
458
459
461
464
465
466
468
470
471
476
477
478
480
481
482
483
484
485
486
487
488
493
496
497
498
499
502
503
505
507
509
510
512
514
516
517
518
522
523
525
527
528
530
535
536
537
542
544
546
547
548
549
551
552
556
557
560
562
566
568
571
574
576
577
580
581
582
583
585
587
588
589
590
591
592
594
596
597
598
600
602
606
609
610
613
614
616
617
618
620
625
626
629
630
633
634
636
638
641
643
644
647
648
649
650
651
652
653
655
656
657
658
661
663
664
665
666
667
668
669
670
671
674
677
679
680
688
693
696
700
701
702
704
706
707
710
711
712
713
715
716
719
722
723
725
726
729
730
731
732
733
735
736
737
741
743
745
746
747
748
751
752
753
754
756
757
759
760
761
764
765
767
770
771
772
776
777
779
780
781
785
786
788
790
791
793
798
799
800
801
802
804
805
806
807
810
811
814
816
817
819
821
822
824
825
826
828
831
832
833
835
837
838
839
840
841
842
844
847
848
850
851
852
856
857
858
859
860
861
862
863
864
865
866
868
870
872
873
875
878
879
880
881
886
888
890
891
892
893
895
896
897
898
904
905
908
909
910
911
913
914
917
918
919
921
922
924
925
926
927
928
930
932
933
934
935
936
937
939
941
942
944
948
950
951
953
954
955
957
960
965
966
967
970
972
973
974
975
977
979
980
981
982
984
987
988
989
992
993
994
996
997
998
999
1000
1001
1004
1006
1007
1008
1009
1011
1012
1016
1019
1020
1024
1025
1027
1028
1030
1033
1035
1036
1037
1040
1041
1042
1045
1047
1050
1052
1054
1055
1056
1057
1059
1061
1062
1064
1065
1067
1068
1070
1071
1073
1074
1080
1083
1087
1090
1091
1092
1093
1094
1095
1096
1097
1098
1099
1100
1102
1105
1107
1109
1112
1115
1117
1121
1122
1123
1124
1125
1127
1128
1132
1133
1134
1136
1140
1141
1142
1143
1144
1145
1149
1152
1153
1154
1155
1157
1158
1164
1167
1168
1169
1170
1171
1174
1175
1176
1178
1179
1180
1181
1182
1183
1185
1186
1187
1188
1190
1191
1192
1193
1195
1196
1197
1198
1200
1202
1204
1208
1209
1215
1217
1218
1219
1220
1221
1222
1223
1224
1225
1226
1232
1233
1234
1235
1238
1239
1244
1245
1247
1248
1249
1251
1254
1255
1256
1258
1260
1261
1262
1263
1264
1266
1267
1268
1269
1276
1277
1278
1279
1281
1282
1286
1289
1290
1292
1294
1297
1300
1301
1302
1304
1306
1307
1309
1312
1314
1315
1317
1318
1319
1320
1321
1322
1323
1324
1325
1326
1329
1331
1332
1335
1336
1337
1338
1339
1342
1345
1346
1349
1351
1352
1353
1354
1357
1359
1360
1361
1363
1365
1369
1370
1372
1374
1375
1376
1378
1379
1380
1383
1384
1386
1387
1389
1391
1395
1398
1399
1400
1403
1404
1406
1409
1410
1411
1412
1413
1415
1416
1417
1420
1422
1423
1424
1425
1426
1429
1431
1432
1435
1436
1439
1440
1444
1447
1449
1452
1454
1456
1458
1460
1462
1463
1464
1467
1470
1471
1472
1473
1475
1477
1481
1483
1486
1487
1488
1491
1492
1493
1494
1496
1497
1500
1501
1504
1505
1506
1507
1509
1511
1512
1514
1515
1516
1517
1521
1522
1525
1526
1527
1528
1529
1532
1533
1535
1537
1539
1540
1541
1542
1544
1546
1549
1552
1556
1557
1559
1564
1565
1566
1567
1569
1570
1576
1577
1578
1579
1580
1582
1589
1591
1592
1593
1596
1597
1598
1599
1600
1601
1602
1603
1604
1605
1606
1607
1608
1609
1616
1617
1618
1621
1628
1629
1630
1631
1633
1635
1636
1637
1639
1640
1643
1645
1648
1650
1651
1653
1658
1661
1662
1664
1668
1669
1670
1673
1681
1684
1685
1688
1690
1692
1693
1695
1696
1697
1698
1700
1701
1702
1704
1705
1706
1707
1713
1714
1719
1722
1724
1725
1727
1728
1732
1735
1737
1738
1739
1740
1743
1744
1745
1747
1748
1750
1751
1752
1755
1756
1758
1759
1760
1761
1762
1764
1765
1766
1767
1775
1776
1777
1778
1779
1781
1782
1783
1784
1786
1787
1789
1790
1791
1792
1793
1797
1799
1802
1803
1804
1806
1809
1810
1811
1813
1815
1816
1817
1819
1821
1822
1825
1826
1829
1832
1833
1835
1836
1837
1840
1842
1847
1850
1851
1853
1854
1856
1857
1858
1859
1860
1861
1863
1864
1865
1867
1868
1870
1872
1873
1874
1876
1877
1879
1880
1882
1884
1886
1888
1892
1894
1895
1897
1899
1901
1902
1904
1905
1906
1911
1912
1913
1915
1919
1920
1921
1923
1924
1925
1928
1930
1932
1933
1934
1935
1936
1937
1938
1940
1942
1943
1946
1948
1949
1953
1956
1957
1959
1960
1963
1964
1966
1967
1968
1969
1970
1971
1972
1973
1974
1975
1976
1977
1978
1979
1982
1984
1987
1989
1990
1991
1997
1999
2000
2001
2002
2003
2004
2005
2006
2007
2008
2010
2011
2014
2015
2016
2017
2018
2019
2020
2021
2022
2024
2025
2029
2030
2031
2032
2033
2036
2038
2039
2044
2048
2052
2053
2054
2057
2059
2060
2061
2063
2064
2070
2072
2074
2075
2076
2077
2080
2082
2083
2084
2085
2086
2087
2088
2089
2090
2091
2093
2094
2099
2100
2102
2103
2104
2106
2108
2109
2110
2111
2114
2115
2117
2119
2120
2121
2122
2123
2127
2128
2130
2131
2133
2134
2135
2138
2140
2142
2143
2144
2146
2148
2151
2152
2153
2154
2156
2158
2159
2161
2164
2165
2166
2167
2168
2169
2170
2173
2175
2177
2178
2181
2182
2185
2186
2188
2193
2194
2195
2196
2197
2198
2199
2203
2205
2207
2210
2211
2214
2215
2222
2223
2224
2225
2226
2227
2228
2229
2230
2231
2234
2235
2236
2237
2238
2239
2240
2241
2242
2243
2245
2246
2247
2249
2251
2252
2254
2255
2256
2257
2259
2261
2264
2265
2267
2272
2273
2274
2276
2277
2278
2279
2282
2283
2285
2286
2291
2292
2293
2294
2298
2299
2300
2301
2302
2303
2308
2309
2314
2315
2317
2318
2319
2321
2322
2325
2326
2329
2330
2332
2337
2340
2341
2343
2347
2349
2350
2351
2352
2354
2358
2360
2361
2363
2365
2366
2367
2368
2369
2370
2371
2373
2375
2376
2377
2378
2380
2381
2382
2383
2384
2385
2386
2388
2389
2390
2391
2394
2395
2398
2403
2404
2405
2406
2407
2409
2411
2412
2414
2417
2418
2419
2424
2426
2427
2428
2431
2432
2435
2436
2442
2443
2444
2447
2448
2449
2450
2452
2453
2455
2458
2460
2463
2465
2466
2467
2468
2473
2474
2475
2477
2478
2479
2480
2481
2482
2483
2485
2489
2490
2491
2492
2493
2494
2497
2498
2503
2505
2507
2513
2518
2519
2520
2521
2522
2523
2524
2525
2526
2527
2528
2529
2531
2532
2533
2534
2538
2539
2541
2542
2543
2544
2545
2546
2550
2551
2552
2554
2555
2556
2558
2559
2562
2563
2565
2567
2568
2574
2575
2576
2577
2579
2580
2582
2584
2585
2586
2587
2590
2591
2592
2593
2595
2597
2598
2601
2602
2603
2605
2607
2612
2613
2614
2617
2618
2620
2624
2625
2629
2630
2634
2635
2636
2638
2639
2643
2644
2645
2646
2647
2652
2653
2654
2655
2658
2659
2662
2664
2665
2666
2667
2669
2671
2672
2673
2677
2678
2679
2684
2687
2688
2689
2692
2694
2695
2698
2699
2700
2701
2703
2709
2711
2712
2717
2718
2721
2723
2729
2733
2734
2737
2739
2743
2744
2745
2746
2747
2749
2750
2751
2752
2753
2756
2759
2763
2764
2766
2768
2769
2770
2772
2774
2775
2778
2780
2782
2783
2784
2785
2786
2790
2792
2793
2796
2797
2799
2800
2801
2803
2804
2805
2807
2812
2813
2816
2818
2819
2820
2821
2826
2829
2831
2832
2833
2834
2836
2838
2841
2843
2845
2846
2848
2850
2851
2852
2853
2854
2857
2860
2863
2866
2867
2871
2873
2876
2877
2878
2879
2880
2882
2884
2885
2886
2888
2889
2892
2893
2896
2897
2902
2903
2904
2906
2907
2909
2911
2920
2924
2930
2933
2936
2937
2939
2941
2942
2944
2946
2947
2948
2949
2951
2952
2955
2956
2958
2959
2960
2961
2963
2964
2967
2971
2973
2975
2976
2977
2982
2983
2984
2985
2986
2987
2990
2992
2993
2994
2995
2996
2998
3000
3003
3004
3005
3007
3009
3012
3013
3016
3018
3020
3022
3024
3025
3026
3027
3028
3030
3031
3032
3033
3034
3035
3036
3037
3038
3041
3044
3045
3047
3048
3050
3051
3054
3057
3058
3059
3060
3061
3063
3066
3068
3069
3070
3071
3072
3073
3075
3076
3081
3082
3084
3086
3089
3090
3091
3092
3095
3098
3100
3102
3103
3105
3107
3110
3111
3114
3116
3117
3120
3121
3122
3123
3127
3130
3132
3133
3134
3135
3136
3137
3138
3141
3145
3146
3147
3151
3152
3153
3154
3155
3156
3159
3160
3161
3162
3164
3166
3171
3172
3174
3175
3178
3181
3182
3183
3185
3187
3188
3190
3191
3192
3193
3195
3196
3197
3198
3200
3201
3204
3205
3209
3212
3213
3214
3215
3217
3219
3221
3223
3224
3225
3226
3227
3228
3229
3231
3232
3233
3234
3237
3238
3239
3240
3241
3242
3243
3244
3245
3247
3248
3249
3252
3253
3255
3258
3260
3262
3263
3267
3268
3269
3270
3271
3272
3273
3276
3279
3280
3282
3283
3286
3287
3288
3289
3290
3294
3296
3298
3299
3301
3302
3304
3305
3307
3308
3309
3311
3314
3315
3316
3317
3318
3319
3322
3324
3325
3326
3327
3330
3334
3337
3340
3341
3343
3345
3346
3347
3350
3351
3355
3358
3359
3360
3362
3363
3364
3366
3368
3369
3374
3376
3378
3380
3383
3384
3385
3386
3387
3388
3392
3393
3396
3398
3402
3403
3404
3405
3407
3415
3416
3417
3419
3420
3421
3423
3424
3425
3426
3427
3428
3429
3430
3433
3435
3436
3437
3439
3440
3446
3447
3450
3451
3454
3455
3458
3459
3460
3461
3463
3465
3467
3468
3473
3474
3475
3479
3482
3483
3487
3488
3491
3492
3495
3496
3497
3499
3500
3502
3503
3505
3508
3509
3510
3511
3517
3520
3522
3525
3530
3531
3533
3534
3536
3537
3540
3542
3543
3544
3545
3546
3547
3551
3552
3553
3555
3558
3559
3560
3563
3565
3568
3569
3570
3572
3574
3575
3576
3578
3580
3581
3583
3584
3585
3586
3588
3589
3593
3594
3596
3597
3598
3600
3602
3603
3604
3605
3607
3608
3609
3610
3612
3613
3614
3615
3617
3620
3622
3623
3624
3625
3629
3630
3631
3632
3634
3635
3636
3637
3638
3640
3643
3644
3645
3646
3648
3652
3653
3654
3655
3656
3658
3661
3662
3663
3665
3666
3667
3668
3669
3671
3672
3673
3674
3675
3676
3678
3679
3681
3683
3684
3685
3686
3687
3690
3691
3692
3695
3696
3699
3700
3701
3702
3703
3704
3705
3708
3709
3710
3712
3713
3714
3715
3717
3720
3721
3723
3724
3726
3729
3731
3732
3733
3736
3737
3738
3742
3744
3745
3746
3749
3752
3756
3759
3760
3761
3764
3765
3767
3769
3770
3775
3779
3780
3782
3786
3787
3788
3789
3792
3795
3798
3800
3801
3802
3804
3806
3807
3810
3811
3812
3814
3818
3820
3824
3825
3829
3830
3831
3832
3833
3834
3838
3839
3842
3843
3844
3845
3848
3849
3850
3851
3856
3857
3858
3861
3862
3863
3864
3865
3866
3868
3869
3870
3873
3874
3875
3876
3880
3882
3883
3884
3885
3886
3887
3888
3890
3892
3893
3894
3896
3898
3899
3901
3902
3904
3906
3908
3909
3910
3912
3913
3915
3916
3917
3918
3919
3922
3923
3924
3925
3927
3929
3931
3932
3934
3935
3936
3938
3939
3940
3941
3942
3943
3946
3947
3949
3951
3953
3954
3955
3956
3957
3959
3960
3961
3963
3966
3967
3968
3969
3970
3971
3973
3975
3977
3979
3980
3981
3985
3987
3989
3990
3991
3992
3994
3998
3999
4004
4008
4011
4013
4015
4017
4018
4021
4022
4026
4027
4028
4034
4035
4037
4038
4039
4040
4042
4043
4044
4048
4052
4053
4055
4056
4057
4061
4063
4065
4067
4068
4069
4070
4071
4072
4075
4077
4078
4080
4081
4082
4083
4084
4085
4087
4088
4089
4090
4091
4093
4094
4096
4100
4101
4102
4108
4111
4114
4115
4116
4118
4120
4121
4122
4123
4125
4126
4127
4128
4129
4130
4132
4134
4136
4137
4138
4139
4140
4141
4142
4144
4145
4149
4151
4152
4155
4156
4157
4158
4159
4162
4163
4164
4165
4168
4169
4171
4172
4175
4179
4180
4181
4182
4183
4186
4192
4194
4196
4198
4200
4201
4202
4203
4205
4206
4207
4209
4211
4214
4216
4220
4221
4222
4224
4225
4228
4229
4232
4233
4235
4236
4237
4240
4241
4244
4247
4248
4249
4251
4254
4255
4256
4257
4258
4263
4264
4265
4267
4273
4274
4275
4279
4280
4281
4282
4283
4284
4286
4290
4291
4295
4297
4298
4300
4303
4305
4306
4308
4311
4312
4313
4316
4317
4318
4321
4322
4323
4324
4325
4330
4331
4332
4336
4337
4338
4339
4341
4342
4344
4345
4346
4347
4348
4349
4351
4352
4353
4355
4357
4358
4360
4361
4362
4364
4365
4366
4367
4368
4370
4373
4374
4375
4376
4377
4378
4384
4386
4387
4391
4392
4394
4397
4398
4399
4400
4401
4403
4406
4407
4408
4410
4416
4417
4422
4426
4427
4429
4430
4431
4433
4434
4435
4437
4438
4439
4443
4444
4445
4446
4447
4448
4450
4451
4452
4453
4454
4455
4456
4457
4458
4459
4461
4462
4465
4466
4467
4468
4470
4475
4477
4478
4480
4481
4483
4484
4485
4489
4490
4492
4493
4495
4497
4499
4500
4501
4502
4503
4504
4506
4509
4510
4512
4514
4515
4516
4517
4519
4522
4523
4525
4527
4530
4531
4533
4534
4536
4537
4538
4541
4543
4544
4545
4546
4548
4549
4550
4551
4553
4554
4555
4556
4558
4559
4561
4563
4565
4566
4567
4568
4569
4570
4571
4572
4573
4575
4577
4578
4580
4582
4588
4589
4590
4593
4594
4595
4597
4599
4600
4601
4603
4604
4605
4606
4607
4608
4612
4613
4615
4617
4618
4622
4623
4624
4625
4626
4627
4629
4632
4633
4635
4636
4638
4640
4641
4642
4645
4646
4647
4649
4651
4652
4654
4659
4661
4662
4663
4664
4665
4666
4668
4669
4673
4675
4676
4680
4681
4682
4685
4686
4687
4689
4692
4693
4694
4695
4696
4698
4699
4700
4701
4702
4703
4706
4707
4710
4712
4713
4714
4715
4716
4717
4720
4722
4723
4725
4726
4727
4729
4730
4731
4732
4735
4739
4740
4741
4743
4744
4745
4748
4749
4750
4753
4754
4756
4757
4758
4762
4763
4766
4767
4768
4770
4778
4779
4780
4781
4782
4784
4786
4789
4790
4791
4793
4797
4798
4801
4806
4809
4810
4813
4815
4816
4817
4819
4823
4825
4826
4827
4828
4830
4831
4832
4833
4835
4837
4838
4841
4842
4843
4846
4848
4849
4850
4851
4853
4855
4856
4858
4859
4860
4863
4864
4867
4868
4870
4871
4873
4875
4876
4878
4879
4880
4881
4883
4884
4885
4887
4889
4891
4895
4896
4897
4901
4902
4906
4910
4912
4914
4915
4916
4919
4920
4921
4922
4923
4926
4927
4928
4929
4930
4932
4934
4936
4937
4938
4940
4943
4946
4951
4953
4954
4955
4958
4961
4963
4965
4966
4967
4968
4969
4971
4972
4973
4974
4975
4977
4978
4979
4980
4982
4985
4986
4987
4989
4990
4995
4996
4998
5001
5002
5004
5005
5006
5007
5008
5009
5014
5016
5017
5019
5020
5023
5024
5027
5028
5030
5031
5032
5033
5035
5036
5037
5038
5039
5041
5042
5044
5047
5048
5049
5050
5053
5054
5055
5057
5065
5066
5068
5070
5072
5073
5077
5084
5085
5086
5088
5089
5091
5092
5093
5096
5097
5098
5099
5100
5102
5104
5105
5106
5107
5108
5112
5116
5117
5121
5123
5124
5126
5127
5129
5131
5136
5137
5139
5140
5142
5143
5144
5145
5146
5147
5148
5152
5154
5155
5156
5157
5158
5161
5162
5164
5165
5167
5168
5169
5170
5171
5172
5176
5178
5179
5181
5182
5184
5185
5186
5188
5189
5192
5193
5195
5198
5199
5202
5204
5207
5208
5209
5210
5211
5212
5213
5215
5221
5222
5223
5224
5225
5226
5227
5228
5230
5231
5232
5233
5234
5235
5240
5242
5244
5247
5249
5250
5252
5253
5254
5255
5256
5257
5258
5261
5262
5263
5265
5267
5268
5269
5271
5273
5274
5275
5279
5283
5285
5287
5290
5291
5295
5296
5297
5298
5299
5300
5302
5305
5307
5308
5309
5310
5313
5314
5320
5321
5322
5323
5324
5325
5328
5331
5332
5333
5334
5335
5338
5339
5340
5341
5342
5344
5345
5346
5349
5351
5352
5354
5356
5358
5359
5360
5362
5363
5364
5365
5368
5371
5373
5374
5375
5377
5379
5383
5385
5388
5390
5391
5394
5395
5396
5397
5399
5400
5401
5402
5405
5406
5411
5412
5414
5416
5418
5419
5421
5422
5423
5424
5425
5426
5429
5431
5432
5433
5434
5435
5436
5438
5439
5441
5442
5443
5447
5448
5451
5452
5453
5458
5461
5465
5469
5470
5472
5473
5476
5477
5478
5479
5480
5481
5482
5485
5486
5490
5492
5493
5494
5495
5501
5504
5507
5509
5513
5514
5516
5517
5519
5520
5522
5523
5525
5529
5531
5533
5534
5536
5537
5538
5539
5540
5541
5542
5543
5545
5547
5548
5549
5550
5551
5552
5553
5555
5558
5560
5565
5567
5569
5571
5572
5573
5574
5577
5579
5580
5582
5583
5584
5585
5586
5587
5588
5590
5592
5593
5596
5597
5603
5605
5607
5609
5611
5612
5614
5616
5617
5618
5619
5620
5622
5623
5624
5625
5627
5629
5630
5631
5632
5634
5639
5640
5642
5643
5644
5647
5649
5650
5651
5652
5654
5655
5657
5658
5661
5664
5667
5668
5671
5676
5677
5678
5679
5681
5682
5683
5684
5686
5688
5691
5692
5699
5704
5705
5706
5707
5712
5713
5714
5715
5716
5718
5719
5720
5721
5723
5727
5737
5738
5739
5741
5744
5745
5746
5747
5749
5751
5753
5754
5756
5758
5759
5761
5767
5771
5772
5773
5775
5776
5778
5782
5783
5784
5785
5786
5787
5792
5793
5795
5796
5797
5798
5799
5801
5805
5807
5808
5812
5814
5817
5820
5822
5823
5825
5826
5828
5829
5830
5831
5832
5833
5834
5835
5837
5838
5840
5842
5844
5846
5847
5848
5850
5851
5852
5854
5855
5856
5861
5864
5865
5868
5870
5872
5875
5877
5878
5881
5884
5887
5888
5889
5890
5894
5895
5898
5899
5900
5901
5905
5907
5909
5910
5911
5912
5913
5915
5920
5921
5922
5924
5925
5926
5929
5932
5933
5935
5936
5937
5940
5944
5947
5948
5949
5954
5955
5956
5959
5961
5962
5963
5968
5970
5971
5972
5975
5978
5979
5980
5981
5982
5984
5985
5986
5989
5992
5997
5998
5999
6000
6004
6005
6010
6011
6012
6018
6022
6023
6024
6029
6030
6031
6032
6036
6038
6039
6040
6043
6045
6048
6049
6050
6051
6052
6053
6054
6060
6061
6062
6063
6067
6068
6069
6073
6074
6075
6076
6081
6082
6083
6085
6089
6092
6094
6099
6100
6101
6103
6104
6105
6106
6107
6111
6112
6113
6114
6116
6117
6118
6120
6122
6123
6125
6127
6129
6130
6132
6133
6134
6135
6136
6137
6139
6144
6145
6146
6149
6153
6154
6157
6158
6159
6161
6162
6163
6164
6165
6166
6167
6168
6169
6170
6171
6172
6174
6177
6178
6179
6180
6181
6182
6183
6185
6186
6187
6188
6190
6192
6193
6194
6195
6197
6198
6200
6201
6204
6205
6206
6208
6209
6210
6212
6213
6214
6217
6218
6220
6222
6223
6224
6225
6227
6228
6229
6233
6234
6235
6237
6239
6242
6243
6245
6246
6247
6248
6249
6252
6254
6257
6261
6262
6265
6267
6269
6271
6273
6274
6275
6276
6277
6278
6282
6283
6284
6286
6287
6288
6289
6290
6291
6294
6295
6297
6300
6301
6303
6305
6306
6307
6309
6311
6312
6314
6316
6318
6319
6320
6321
6323
6324
6328
6330
6334
6335
6337
6339
6340
6343
6344
6345
6348
6349
6350
6353
6354
6355
6358
6359
6362
6363
6365
6370
6371
6372
6373
6374
6375
6378
6379
6380
6381
6382
6383
6384
6386
6387
6388
6389
6392
6396
6397
6399
6402
6404
6406
6407
6410
6416
6418
6420
6421
6422
6423
6425
6430
6431
6432
6436
6437
6439
6441
6443
6444
6445
6447
6448
6450
6451
6452
6454
6456
6457
6459
6460
6462
6463
6464
6466
6467
6469
6470
6472
6473
6475
6476
6477
6480
6481
6485
6488
6491
6492
6494
6498
6500
6502
6503
6504
6508
6509
6514
6516
6517
6518
6521
6522
6523
6524
6525
6526
6528
6531
6532
6533
6537
6539
6540
6541
6543
6546
6548
6550
6553
6554
6555
6558
6559
6560
6561
6562
6564
6565
6569
6571
6572
6573
6575
6577
6578
6581
6582
6583
6586
6588
6589
6590
6592
6593
6596
6597
6602
6603
6605
6606
6608
6609
6610
6612
6614
6615
6616
6617
6618
6619
6621
6622
6623
6624
6625
6627
6628
6629
6630
6634
6635
6638
6640
6641
6643
6644
6646
6652
6654
6656
6658
6659
6660
6661
6663
6664
6665
6666
6667
6669
6670
6673
6674
6675
6679
6680
6681
6682
6684
6687
6689
6690
6691
6692
6694
6695
6696
6699
6700
6703
6704
6705
6707
6713
6714
6717
6722
6723
6725
6726
6728
6730
6731
6732
6733
6736
6740
6741
6744
6746
6747
6750
6751
6752
6753
6754
6756
6757
6758
6759
6761
6762
6763
6766
6767
6769
6770
6771
6772
6773
6774
6776
6777
6778
6782
6784
6790
6791
6792
6796
6799
6800
6801
6803
6804
6807
6810
6812
6814
6816
6820
6823
6824
6825
6827
6829
6830
6833
6835
6836
6837
6839
6840
6843
6845
6846
6847
6848
6850
6851
6852
6855
6857
6858
6861
6864
6865
6866
6868
6870
6871
6874
6875
6876
6877
6878
6879
6881
6885
6887
6888
6889
6890
6892
6895
6896
6900
6902
6903
6904
6905
6907
6910
6911
6912
6913
6915
6916
6917
6920
6921
6922
6923
6924
6927
6928
6929
6930
6934
6938
6939
6941
6942
6944
6947
6948
6949
6950
6951
6953
6954
6955
6956
6957
6959
6961
6962
6965
6966
6967
6968
6969
6970
6972
6974
6976
6978
6979
6981
6982
6983
6984
6987
6991
6992
6993
6995
6996
6997
6998
6999
7001
7002
7004
7006
7007
7009
7010
7011
7015
7016
7017
7020
7021
7023
7026
7029
7031
7033
7034
7035
7038
7040
7042
7043
7045
7048
7049
7051
7052
7053
7060
7063
7064
7069
7070
7071
7072
7075
7076
7080
7081
7083
7087
7088
7089
7090
7091
7092
7093
7094
7096
7098
7099
7100
7102
7103
7106
7107
7108
7109
7110
7113
7114
7116
7117
7118
7122
7124
7126
7129
7130
7131
7133
7134
7139
7140
7141
7142
7143
7145
7146
7148
7150
7151
7153
7154
7156
7157
7158
7161
7162
7163
7165
7167
7168
7170
7173
7174
7175
7178
7179
7180
7181
7183
7185
7186
7187
7192
7193
7194
7195
7196
7197
7202
7204
7206
7207
7209
7210
7216
7218
7220
7223
7224
7225
7226
7228
7233
7235
7238
7239
7240
7242
7243
7244
7246
7247
7249
7250
7251
7254
7257
7260
7261
7265
7266
7269
7270
7272
7275
7279
7280
7282
7283
7284
7285
7287
7288
7289
7291
7292
7294
7295
7296
7297
7301
7302
7303
7305
7308
7310
7311
7313
7315
7317
7318
7319
7321
7322
7323
7326
7331
7332
7334
7335
7337
7338
7341
7342
7343
7345
7346
7347
7349
7350
7351
7354
7357
7359
7360
7361
7363
7364
7366
7367
7368
7369
7370
7373
7374
7375
7376
7378
7379
7381
7383
7384
7386
7388
7389
7390
7391
7393
7396
7397
7398
7400
7401
7403
7404
7405
7406
7409
7410
7412
7413
7415
7417
7419
7421
7423
7424
7425
7426
7428
7429
7432
7433
7434
7435
7438
7439
7441
7442
7443
7445
7446
7448
7449
7452
7453
7455
7457
7462
7465
7469
7470
7471
7472
7473
7474
7477
7478
7480
7481
7482
7483
7484
7485
7486
7488
7492
7494
7495
7498
7499
7501
7502
7503
7504
7505
7510
7511
7513
7514
7515
7517
7521
7523
7524
7525
7526
7528
7529
7532
7533
7534
7535
7536
7537
7538
7540
7541
7544
7546
7548
7549
7551
7552
7553
7554
7555
7558
7559
7563
7564
7565
7566
7567
7568
7570
7571
7573
7574
7575
7576
7578
7579
7580
7582
7584
7586
7587
7589
7592
7595
7599
7600
7602
7603
7604
7605
7608
7610
7611
7612
7614
7620
7622
7623
7626
7627
7628
7629
7632
7634
7637
7638
7639
7641
7644
7645
7647
7648
7650
7652
7654
7658
7659
7660
7661
7662
7664
7665
7668
7672
7673
7674
7675
7676
7678
7680
7681
7682
7684
7685
7686
7687
7689
7691
7692
7698
7699
7703
7704
7705
7711
7713
7714
7715
7717
7720
7721
7722
7723
7724
7726
7728
7730
7734
7738
7739
7740
7742
7743
7745
7750
7752
7753
7754
7756
7758
7760
7762
7763
7765
7766
7768
7772
7774
7775
7776
7778
7781
7782
7785
7786
7787
7788
7789
7792
7793
7795
7796
7797
7799
7800
7801
7802
7803
7804
7805
7807
7808
7809
7811
7812
7815
7817
7818
7820
7822
7825
7827
7828
7830
7832
7833
7835
7839
7840
7842
7846
7847
7849
7851
7852
7854
7859
7860
7862
7863
7866
7868
7869
7870
7872
7873
7875
7876
7879
7881
7882
7888
7890
7891
7893
7894
7897
7899
7902
7904
7906
7907
7908
7909
7910
7911
7912
7913
7915
7916
7919
7920
7921
7922
7925
7926
7927
7928
7930
7932
7934
7935
7937
7943
7944
7946
7948
7949
7950
7951
7953
7955
7959
7960
7962
7963
7964
7966
7967
7968
7970
7971
7972
7976
7979
7982
7983
7985
7991
7992
7993
7994
7995
7999
8000
8001
8002
8003
8004
8005
8007
8009
8010
8012
8014
8015
8016
8017
8021
8022
8024
8028
8029
8030
8031
8032
8033
8034
8036
8037
8038
8039
8041
8042
8043
8045
8046
8047
8048
8049
8051
8052
8053
8055
8056
8057
8062
8065
8066
8067
8070
8071
8072
8073
8074
8075
8076
8078
8079
8080
8081
8083
8085
8086
8087
8088
8089
8090
8091
8093
8095
8099
8100
8101
8103
8105
8106
8108
8110
8111
8115
8117
8118
8120
8121
8123
8126
8128
8129
8130
8131
8132
8133
8136
8137
8138
8141
8142
8143
8147
8148
8151
8154
8155
8159
8160
8162
8164
8166
8168
8169
8170
8171
8173
8174
8180
8181
8184
8185
8189
8195
8197
8198
8199
8202
8203
8205
8210
8211
8213
8215
8217
8218
8219
8220
8221
8223
8225
8229
8230
8231
8232
8233
8235
8236
8237
8239
8241
8242
8243
8245
8249
8251
8252
8253
8256
8257
8260
8262
8264
8271
8273
8274
8276
8280
8282
8283
8284
8289
8291
8292
8294
8295
8296
8297
8298
8300
8304
8305
8306
8308
8309
8310
8311
8312
8313
8315
8316
8317
8321
8322
8324
8325
8327
8328
8330
8333
8334
8336
8337
8341
8342
8344
8345
8349
8351
8352
8353
8355
8359
8361
8362
8363
8366
8367
8369
8371
8372
8373
8376
8377
8378
8382
8384
8385
8388
8389
8390
8391
8393
8394
8396
8397
8398
8399
8400
8402
8405
8407
8408
8412
8413
8414
8415
8416
8417
8418
8422
8427
8428
8431
8433
8435
8439
8441
8442
8443
8444
8445
8449
8451
8452
8454
8456
8458
8459
8461
8462
8463
8465
8466
8469
8471
8472
8473
8474
8475
8476
8483
8484
8485
8489
8490
8491
8492
8493
8495
8496
8497
8499
8500
8501
8503
8504
8507
8508
8509
8511
8512
8514
8515
8517
8518
8519
8521
8524
8526
8527
8529
8532
8533
8534
8535
8538
8539
8540
8542
8543
8544
8546
8547
8550
8551
8555
8556
8557
8561
8562
8566
8567
8571
8574
8575
8576
8577
8581
8583
8584
8585
8587
8589
8590
8592
8594
8598
8599
8600
8601
8602
8605
8606
8607
8610
8612
8613
8619
8620
8621
8624
8626
8630
8631
8632
8634
8636
8637
8638
8640
8642
8643
8644
8645
8646
8647
8648
8651
8654
8655
8657
8658
8660
8661
8662
8665
8668
8669
8670
8671
8677
8678
8681
8685
8686
8687
8688
8690
8691
8694
8695
8699
8702
8704
8705
8706
8709
8710
8711
8712
8713
8714
8718
8720
8723
8725
8726
8728
8729
8730
8733
8735
8736
8737
8740
8742
8743
8747
8749
8750
8752
8755
8756
8758
8759
8760
8763
8764
8767
8768
8770
8771
8776
8778
8779
8782
8783
8785
8786
8787
8791
8792
8793
8795
8799
8804
8805
8806
8812
8813
8818
8821
8822
8823
8824
8827
8828
8830
8831
8833
8836
8837
8839
8840
8841
8842
8843
8844
8845
8849
8850
8851
8852
8853
8854
8855
8856
8857
8858
8859
8861
8862
8863
8867
8868
8869
8870
8873
8875
8877
8879
8880
8882
8886
8887
8890
8893
8895
8896
8898
8899
8901
8902
8904
8908
8909
8913
8914
8915
8916
8917
8919
8920
8921
8923
8924
8930
8931
8933
8934
8938
8939
8941
8942
8943
8945
8946
8948
8949
8950
8952
8953
8954
8957
8960
8963
8964
8965
8966
8967
8971
8972
8974
8975
8976
8979
8980
8982
8983
8986
8991
8994
8998
9000
9001
9003
9004
9006
9007
9008
9009
9014
9018
9019
9021
9024
9026
9028
9029
9030
9032
9033
9034
9036
9039
9044
9046
9047
9048
9049
9050
9053
9054
9057
9058
9059
9061
9062
9064
9065
9066
9067
9068
9069
9070
9071
9072
9074
9075
9078
9079
9080
9084
9086
9087
9089
9091
9093
9094
9095
9096
9097
9099
9104
9106
9107
9108
9109
9110
9113
9114
9115
9116
9118
9119
9121
9123
9126
9128
9129
9130
9131
9133
9134
9135
9136
9138
9139
9141
9142
9144
9145
9146
9147
9155
9158
9164
9167
9169
9170
9172
9174
9176
9178
9184
9187
9189
9190
9191
9192
9193
9194
9196
9199
9201
9202
9203
9204
9205
9206
9207
9208
9210
9211
9213
9216
9217
9218
9221
9223
9225
9229
9230
9231
9232
9234
9236
9237
9238
9240
9241
9244
9245
9246
9248
9251
9252
9253
9254
9256
9257
9259
9260
9261
9263
9264
9265
9266
9268
9269
9270
9271
9273
9274
9277
9278
9280
9283
9284
9285
9293
9295
9296
9300
9301
9302
9303
9304
9305
9308
9309
9313
9314
9317
9318
9319
9320
9322
9323
9324
9327
9328
9331
9332
9333
9335
9336
9338
9339
9340
9341
9342
9344
9345
9346
9348
9353
9354
9355
9356
9358
9360
9363
9366
9367
9368
9369
9370
9373
9375
9376
9377
9378
9384
9386
9388
9390
9391
9392
9393
9394
9395
9397
9399
9400
9401
9402
9403
9405
9407
9408
9409
9411
9412
9414
9416
9417
9419
9421
9423
9424
9425
9426
9428
9430
9433
9434
9435
9436
9440
9441
9442
9444
9447
9448
9449
9451
9452
9453
9454
9455
9456
9457
9458
9460
9462
9463
9465
9466
9470
9471
9472
9474
9477
9478
9479
9482
9483
9485
9486
9487
9488
9490
9491
9493
9495
9496
9501
9502
9503
9507
9508
9509
9512
9513
9514
9516
9518
9520
9522
9525
9527
9529
9531
9532
9533
9534
9536
9538
9540
9547
9548
9549
9550
9555
9557
9560
9561
9563
9565
9566
9567
9570
9572
9573
9574
9575
9576
9578
9580
9582
9586
9587
9589
9590
9592
9593
9594
9595
9596
9597
9603
9606
9607
9609
9611
9614
9616
9619
9622
9623
9625
9626
9632
9634
9637
9638
9639
9643
9645
9646
9647
9648
9649
9650
9651
9653
9654
9656
9657
9659
9660
9662
9664
9665
9666
9667
9668
9671
9672
9675
9678
9681
9683
9684
9688
9690
9692
9694
9695
9696
9697
9698
9700
9702
9704
9708
9709
9710
9712
9713
9714
9720
9721
9722
9727
9729
9730
9731
9733
9734
9735
9736
9739
9740
9743
9746
9747
9750
9751
9753
9757
9758
9759
9761
9762
9764
9765
9766
9769
9772
9774
9776
9777
9779
9781
9782
9783
9785
9786
9788
9790
9791
9792
9793
9794
9797
9798
9799
9803
9804
9805
9806
9810
9811
9812
9818
9820
9822
9825
9826
9827
9828
9829
9830
9832
9833
9834
9836
9837
9838
9839
9840
9841
9845
9846
9847
9848
9849
9856
9858
9859
9860
9861
9862
9864
9865
9866
9869
9871
9873
9874
9881
9882
9886
9887
9889
9890
9892
9895
9898
9899
9902
9903
9905
9907
9908
9910
9915
9917
9920
9921
9922
9924
9926
9929
9933
9934
9935
9937
9938
9939
9941
9944
9945
9951
9953
9954
9956
9957
9958
9960
9962
9964
9966
9967
9968
9969
9970
9972
9973
9975
9979
9981
9982
9983
9986
9987
9988
9989
9990
9993
9995
9996
9997
9998
9999
10001
10002
10003
10004
10006
10007
10012
10013
10014
10015
10017
10019
10021
10022
10024
10025
10026
10029
10030
10032
10034
10036
10041
10042
10043
10046
10049
10050
10051
10052
10053
10055
10057
10058
10059
10061
10062
10065
10068
10072
10076
10078
10079
10080
10083
10084
10086
10094
10095
10098
10100
10101
10105
10106
10107
10109
10111
10112
10113
10114
10118
10120
10122
10123
10124
10126
10129
10131
10132
10133
10134
10135
10137
10138
10139
10141
10142
10145
10146
10147
10148
10151
10152
10154
10155
10156
10158
10159
10160
10161
10163
10164
10168
10170
10172
10175
10177
10178
10180
10181
10184
10189
10190
10191
10193
10194
10195
10197
10198
10203
10204
10206
10207
10208
10210
10211
10213
10216
10217
10218
10219
10220
10221
10222
10225
10226
10227
10230
10231
10234
10236
10238
10241
10243
10244
10247
10249
10250
10251
10254
10255
10256
10257
10261
10264
10265
10270
10271
10272
10275
10276
10279
10280
10282
10283
10284
10287
10289
10290
10294
10295
10297
10300
10301
10302
10306
10307
10308
10310
10313
10316
10317
10320
10321
10322
10324
10325
10329
10330
10331
10332
10334
10336
10339
10341
10343
10344
10347
10348
10349
10350
10351
10353
10354
10355
10356
10357
10358
10359
10360
10361
10363
10364
10365
10366
10367
10368
10370
10371
10373
10374
10375
10377
10378
10379
10380
10381
10382
10385
10389
10393
10395
10396
10399
10401
10402
10403
10405
10407
10408
10410
10411
10413
10414
10415
10420
10422
10423
10427
10429
10431
10432
10437
10438
10439
10440
10442
10443
10444
10448
10450
10453
10454
10455
10456
10457
10459
10460
10461
10464
10466
10467
10469
10471
10472
10473
10474
10475
10476
10478
10479
10481
10484
10488
10491
10493
10495
10496
10497
10498
10501
10502
10505
10507
10509
10511
10512
10514
10518
10520
10521
10522
10523
10524
10526
10532
10533
10534
10538
10539
10542
10543
10545
10547
10549
10550
10551
10552
10553
10554
10555
10557
10558
10559
10560
10562
10563
10564
10565
10566
10567
10569
10572
10574
10575
10577
10578
10581
10582
10585
10587
10591
10594
10595
10596
10597
10600
10601
10603
10604
10605
10607
10608
10610
10615
10616
10617
10618
10620
10622
10623
10624
10627
10628
10629
10630
10632
10634
10635
10636
10638
10640
10643
10645
10646
10647
10648
10649
10651
10652
10654
10656
10657
10662
10663
10666
10667
10668
10670
10672
10674
10675
10676
10677
10678
10680
10682
10685
10687
10688
10689
10691
10692
10693
10694
10696
10697
10698
10699
10701
10702
10705
10707
10710
10712
10713
10714
10715
10716
10719
10723
10724
10725
10731
10734
10736
10737
10739
10740
10742
10743
10744
10746
10748
10749
10750
10751
10754
10755
10756
10761
10764
10765
10767
10768
10770
10771
10772
10773
10777
10779
10780
10785
10786
10787
10792
10794
10795
10796
10797
10799
10800
10801
10805
10807
10809
10814
10816
10819
10822
10824
10826
10827
10829
10830
10831
10832
10833
10835
10836
10838
10839
10842
10844
10849
10851
10852
10857
10861
10862
10864
10866
10867
10869
10870
10873
10875
10876
10879
10880
10881
10882
10883
10884
10885
10886
10887
10888
10889
10890
10891
10893
10894
10899
10902
10903
10905
10907
10909
10910
10911
10914
10917
10918
10919
10920
10921
10922
10923
10924
10926
10929
10930
10931
10933
10935
10936
10937
10940
10943
10945
10947
10949
10950
10951
10952
10956
10957
10958
10959
10960
10961
10962
10963
10964
10969
10971
10972
10973
10974
10977
10979
10981
10982
10984
10985
10987
10990
10993
10995
11000
11001
11004
11005
11006
11008
11009
11014
11016
11017
11020
11022
11023
11024
11027
11028
11031
11032
11035
11036
11037
11038
11040
11044
11046
11048
11049
11054
11056
