35
80
84
126
136
174
200
217
223
231
235
240
251
255
257
259
268
290
309
321
352
369
395
400
526
540
543
545
593
607
623
628
637
645
734
750
755
758
774
789
815
823
877
916
931
978
1013
1034
1038
1147
1160
1201
1230
1240
1253
1272
1274
1334
1355
1437
1445
1448
1457
1482
1499
1545
1551
1560
1563
1574
1585
1632
1642
1657
1679
1711
1746
1805
1855
1871
1878
1908
1998
2028
2043
2058
2079
2092
2107
2125
2137
2139
2172
2174
2179
2202
2253
2262
2263
2275
2305
2344
2362
2402
2413
2420
2425
2470
2471
2500
2509
2549
2564
2573
2596
2610
2615
2631
2681
2720
2736
2761
2788
2815
2839
2861
2887
2900
2918
2928
2931
2940
2943
2970
2999
3017
3019
3029
3042
3062
3078
3119
3189
3207
3208
3246
3261
3278
3295
3313
3336
3339
3344
3353
3354
3390
3413
3466
3480
3490
3501
3611
3633
3647
3660
3664
3730
3750
3753
3854
3867
3879
3900
3907
3930
3950
3962
3972
4036
4054
4060
4064
4110
4173
4184
4227
4261
4266
4285
4301
4315
4334
4359
4405
4418
4460
4482
4486
4579
4584
4587
4634
4650
4677
4719
4772
4814
4818
4834
4857
4865
4869
4892
4904
4917
4941
4947
4950
5012
5071
5074
5081
5110
5166
5177
5264
5278
5304
5336
5446
5460
5463
5488
5511
5626
5633
5653
5660
5666
5673
5675
5680
5698
5722
5733
5766
5815
5845
5869
5876
5879
5885
5903
5908
5916
5939
5965
5974
5988
5993
6047
6189
6268
6298
6313
6322
6331
6366
6367
6403
6412
6433
6468
6512
6542
6547
6570
6585
6601
6604
6650
6727
6745
6749
6755
6806
6828
6853
6893
6932
6952
6960
6988
7044
7055
7061
7079
7147
7182
7188
7189
7199
7205
7214
7236
7253
7402
7418
7450
7451
7475
7489
7547
7556
7569
7594
7615
7630
7640
7677
7679
7701
7708
7709
7749
7759
7761
7771
7791
7823
7843
7885
7887
7892
7988
8018
8026
8035
8097
8116
8125
8144
8200
8204
8224
8246
8287
8332
8374
8403
8406
8460
8464
8478
8479
8486
8520
8523
8545
8565
8572
8588
8608
8609
8675
8692
8703
8716
8738
8741
8751
8761
8811
8814
8872
8881
8884
8891
8928
8959
8984
8985
9005
9025
9037
9040
9041
9043
9077
9148
9177
9195
9219
9250
9272
9286
9329
9343
9347
9427
9438
9464
9492
9511
9530
9599
9604
9627
9738
9745
9755
9796
9807
9853
9891
9906
9919
9940
9942
9947
9961
9978
9994
10060
10091
10117
10153
10165
10166
10176
10186
10278
10323
10333
10372
10391
10400
10441
10452
10486
10516
10536
10541
10568
10584
10599
10611
10631
10653
10658
10659
10695
10704
10718
10728
10762
10791
10856
10878
10897
10915
10941
10975
10976
10980
10988
10997
