19
48
53
171
183
228
297
399
424
457
501
539
550
555
573
575
601
632
662
691
708
728
762
854
940
968
1023
1072
1104
1126
1206
1259
1265
1308
1388
1434
1451
1513
1518
1519
1568
1581
1594
1611
1625
1627
1682
1794
1796
1812
1824
1827
1916
2023
2041
2136
2183
2187
2270
2306
2348
2374
2392
2422
2517
2609
2651
2767
2823
3108
3143
3158
3216
3265
3333
3348
3377
3409
3449
3494
3512
3515
3524
3548
3557
3582
3599
3627
3762
3793
3836
4014
4033
4105
4131
4187
4190
4210
4243
4292
4299
4333
4436
4442
4637
4643
4660
4690
4747
4755
4769
4776
4894
4933
4991
5043
5187
5326
5353
5471
5512
5638
5674
5709
5728
5752
5757
5760
5762
5764
5779
5806
5810
5841
5858
5863
5873
5996
6008
6013
6096
6108
6109
6140
6199
6236
6255
6341
6351
6391
6435
6535
6557
6637
6685
6686
6710
6739
6743
6815
6937
7018
7074
7171
7329
7333
7422
7456
7458
7657
7737
7819
7853
7857
7864
8008
8019
8094
8172
8222
8261
8263
8293
8419
8541
8596
8604
8614
8635
8717
8802
8832
8834
8889
8903
8925
8937
8962
9010
9052
9076
9083
9120
9153
9175
9215
9287
9292
9298
9334
9398
9526
9558
9615
9618
9620
9630
9652
9789
9918
10018
10020
10031
10040
10183
10281
10369
10477
10510
10527
10641
10642
10644
10752
10774
10776
10843
10854
10939
11018
