17
18
36
65
70
90
91
99
104
124
151
225
262
284
291
301
306
318
332
367
377
453
460
474
541
565
635
640
705
724
783
795
818
834
843
845
849
855
894
899
946
952
995
1005
1075
1081
1085
1129
1166
1177
1199
1212
1242
1243
1285
1288
1366
1382
1433
1442
1459
1465
1476
1478
1479
1502
1510
1571
1595
1623
1656
1660
1709
1721
1731
1736
1741
1757
1800
1839
1841
1852
1883
1885
1896
1914
1944
1992
2045
2067
2068
2176
2190
2269
2280
2295
2311
2313
2327
2364
2410
2437
2439
2461
2487
2512
2516
2530
2536
2540
2547
2553
2569
2589
2604
2627
2632
2704
2706
2725
2748
2765
2781
2827
2869
2875
2881
2890
2953
2980
2989
2997
3010
3049
3055
3065
3077
3088
3109
3124
3125
3179
3180
3206
3250
3277
3281
3293
3310
3438
3453
3518
3519
3521
3523
3528
3535
3550
3561
3616
3689
3693
3694
3722
3725
3727
3728
3740
3743
3755
3794
3799
3808
3847
3853
3945
3948
3964
3965
4030
4086
4092
4124
4133
4146
4166
4185
4195
4223
4231
4260
4262
4269
4271
4272
4287
4293
4302
4335
4409
4411
4412
4463
4487
4547
4552
4557
4560
4576
4586
4619
4630
4774
4796
4803
4807
4824
4882
4890
4905
4935
4956
4993
4999
5029
5058
5063
5064
5080
5134
5149
5150
5153
5163
5190
5229
5246
5266
5284
5294
5303
5306
5311
5329
5366
5387
5389
5392
5407
5408
5449
5564
5581
5601
5690
5694
5708
5711
5736
5789
5794
5827
5867
5882
5906
5942
5950
6001
6020
6026
6046
6064
6070
6071
6077
6087
6091
6150
6151
6173
6176
6241
6250
6256
6264
6272
6279
6285
6293
6310
6326
6338
6352
6357
6361
6395
6428
6442
6458
6474
6482
6519
6527
6607
6631
6642
6697
6702
6780
6785
6786
6795
6813
6817
6818
6822
6834
6869
6891
6914
6931
6958
6990
7024
7027
7056
7058
7066
7073
7166
7200
7201
7212
7227
7234
7241
7248
7256
7262
7273
7304
7309
7320
7325
7355
7372
7460
7461
7479
7520
7609
7618
7625
7642
7666
7693
7707
7716
7718
7731
7773
7829
7841
7848
7850
7871
7878
7884
7895
7923
7933
7936
7939
7978
7997
8114
8134
8139
8188
8206
8209
8234
8250
8267
8268
8277
8307
8346
8356
8358
8375
8380
8423
8440
8448
8482
8513
8568
8578
8579
8591
8593
8625
8627
8650
8653
8689
8732
8769
8774
8775
8777
8796
8803
8808
8819
8820
8826
8892
8900
8996
9002
9020
9063
9088
9098
9125
9150
9156
9182
9226
9227
9258
9276
9282
9306
9307
9311
9337
9374
9379
9383
9469
9489
9498
9528
9562
9571
9628
9673
9693
9701
9716
9723
9737
9754
9768
9835
9843
9844
9879
9888
9893
9894
9914
9927
9928
9955
9991
9992
10010
10027
10037
10044
10097
10099
10121
10140
10157
10173
10248
10259
10267
10298
10309
10409
10430
10434
10435
10500
10570
10613
10639
10660
10709
10720
10730
10759
10788
10803
10810
10820
10828
10834
10848
10868
10872
10948
10953
10965
10968
10983
11002
11007
11012
