5
7
11
13
14
15
30
38
46
52
56
57
76
89
111
112
114
132
153
185
188
189
192
199
211
212
227
239
248
252
253
256
258
263
269
271
280
281
294
310
315
317
322
323
324
325
326
328
334
335
336
370
374
379
381
386
396
398
406
407
408
420
421
434
445
448
450
462
472
475
489
490
492
494
495
500
504
511
513
521
538
554
559
561
563
569
570
578
579
584
599
603
612
615
646
660
672
681
686
687
689
690
694
697
714
717
720
721
749
763
769
778
784
787
794
797
809
813
820
830
836
846
853
867
869
876
883
884
885
887
900
902
907
912
920
929
943
947
956
958
983
985
1010
1014
1015
1017
1021
1029
1031
1032
1039
1043
1046
1048
1060
1063
1076
1077
1084
1089
1101
1103
1106
1108
1114
1116
1118
1119
1130
1131
1137
1138
1139
1146
1151
1159
1161
1165
1172
1173
1194
1203
1211
1213
1227
1228
1229
1236
1273
1283
1287
1293
1295
1296
1299
1310
1316
1333
1340
1344
1358
1362
1364
1367
1368
1377
1381
1393
1394
1396
1397
1407
1408
1418
1421
1428
1430
1438
1450
1453
1466
1474
1485
1489
1503
1523
1530
1534
1536
1543
1547
1554
1558
1572
1573
1586
1588
1590
1613
1614
1620
1622
1624
1634
1659
1665
1671
1674
1675
1677
1678
1694
1703
1708
1712
1715
1716
1720
1723
1729
1742
1753
1754
1768
1769
1771
1773
1785
1788
1798
1801
1818
1820
1843
1846
1866
1887
1891
1893
1898
1900
1907
1917
1918
1922
1927
1945
1947
1952
1954
1958
1962
1988
1993
1994
1996
2027
2035
2037
2049
2051
2065
2069
2073
2097
2101
2105
2113
2118
2124
2126
2129
2132
2141
2150
2162
2163
2184
2201
2204
2212
2216
2248
2258
2260
2266
2268
2289
2304
2307
2310
2312
2324
2331
2333
2336
2338
2339
2346
2356
2357
2379
2387
2393
2397
2399
2400
2416
2421
2423
2429
2430
2433
2438
2440
2441
2446
2451
2464
2469
2484
2495
2501
2502
2508
2510
2514
2515
2535
2560
2566
2570
2578
2588
2599
2606
2608
2619
2623
2628
2637
2641
2642
2649
2656
2660
2670
2680
2686
2697
2707
2710
2716
2722
2726
2735
2741
2755
2757
2758
2760
2762
2773
2779
2798
2808
2817
2822
2825
2835
2837
2842
2844
2855
2856
2858
2868
2870
2872
2898
2905
2908
2914
2917
2919
2926
2927
2934
2978
2979
2988
2991
3006
3008
3011
3021
3043
3067
3079
3080
3093
3094
3099
3104
3106
3115
3118
3142
3144
3150
3165
3167
3176
3177
3222
3230
3274
3284
3285
3291
3292
3320
3321
3329
3332
3335
3342
3356
3367
3371
3375
3382
3391
3395
3400
3408
3418
3432
3434
3443
3462
3464
3469
3471
3477
3484
3485
3489
3493
3506
3527
3529
3532
3539
3549
3562
3564
3571
3577
3579
3606
3621
3626
3628
3639
3649
3651
3659
3682
3688
3697
3711
3716
3718
3734
3739
3741
3754
3758
3766
3768
3773
3774
3778
3783
3784
3785
3791
3797
3805
3809
3815
3823
3826
3837
3840
3841
3846
3855
3859
3860
3877
3889
3891
3905
3920
3921
3933
3937
3944
3952
3958
3986
3988
4001
4002
4003
4006
4007
4009
4010
4019
4020
4025
4029
4031
4032
4049
4051
4062
4076
4095
4099
4106
4117
4147
4148
4153
4160
4161
4167
4170
4177
4178
4188
4193
4199
4217
4226
4238
4239
4242
4245
4252
4259
4277
4288
4294
4296
4310
4319
4327
4354
4356
4363
4371
4381
4382
4388
4389
4396
4402
4404
4415
4421
4423
4449
4464
4474
4476
4491
4496
4511
4518
4520
4521
4529
4532
4535
4539
4540
4542
4562
4583
4591
4598
4610
4631
4653
4655
4670
4678
4697
4709
4724
4728
4734
4737
4751
4760
4761
4765
4771
4785
4792
4795
4802
4804
4805
4808
4812
4820
4821
4839
4840
4844
4845
4854
4861
4872
4886
4888
4898
4899
4908
4913
4918
4931
4939
4992
4994
5000
5003
5010
5018
5022
5034
5040
5046
5051
5090
5101
5103
5111
5114
5115
5122
5128
5132
5135
5159
5174
5175
5180
5183
5191
5196
5200
5205
5206
5214
5216
5236
5239
5241
5243
5259
5272
5280
5281
5288
5293
5301
5315
5317
5330
5343
5361
5372
5376
5378
5380
5381
5386
5403
5409
5413
5415
5417
5430
5440
5456
5457
5462
5464
5466
5474
5483
5497
5498
5500
5502
5505
5515
5518
5521
5527
5530
5544
5546
5556
5563
5568
5575
5578
5591
5594
5595
5599
5606
5613
5615
5635
5636
5641
5656
5663
5672
5689
5701
5703
5717
5724
5748
5763
5788
5790
5791
5802
5804
5809
5813
5818
5819
5836
5843
5859
5860
5866
5880
5892
5893
5902
5904
5914
5917
5919
5927
5928
5934
5938
5941
5943
5946
5951
5966
5973
5977
5987
5990
5991
5995
6003
6006
6007
6015
6017
6027
6033
6035
6041
6055
6057
6065
6066
6072
6088
6090
6093
6095
6097
6098
6102
6121
6128
6141
6143
6148
6152
6175
6184
6202
6211
6226
6230
6231
6240
6244
6251
6259
6263
6270
6296
6304
6333
6342
6346
6347
6356
6364
6368
6369
6390
6400
6401
6405
6411
6417
6419
6424
6438
6446
6449
6455
6465
6484
6486
6487
6495
6499
6501
6505
6506
6513
6515
6529
6534
6538
6551
6556
6574
6580
6584
6591
6594
6598
6620
6636
6639
6645
6647
6653
6662
6677
6683
6693
6698
6706
6709
6716
6720
6721
6724
6729
6734
6737
6748
6760
6775
6781
6787
6788
6793
6794
6802
6809
6819
6821
6838
6841
6844
6849
6854
6860
6872
6909
6925
6926
6933
6935
6936
6946
6963
6964
6971
6975
6980
6985
7003
7005
7012
7032
7050
7059
7062
7065
7068
7078
7086
7111
7112
7119
7120
7128
7132
7135
7136
7137
7149
7152
7159
7164
7169
7184
7190
7191
7203
7211
7213
7232
7252
7259
7267
7276
7278
7281
7286
7290
7298
7299
7300
7312
7324
7330
7336
7352
7353
7362
7382
7387
7392
7394
7399
7407
7408
7414
7420
7430
7444
7459
7463
7466
7467
7468
7476
7491
7493
7506
7512
7518
7519
7527
7530
7531
7562
7572
7577
7581
7585
7590
7591
7596
7597
7598
7601
7616
7621
7624
7635
7646
7655
7656
7667
7670
7671
7690
7696
7706
7710
7729
7744
7746
7748
7751
7757
7767
7779
7780
7783
7784
7790
7813
7816
7821
7836
7837
7844
7845
7865
7877
7883
7886
7898
7900
7901
7918
7924
7931
7956
7965
7969
7977
7990
7998
8025
8040
8054
8058
8060
8061
8063
8077
8084
8092
8102
8104
8107
8112
8113
8119
8135
8140
8145
8149
8158
8165
8175
8176
8179
8192
8196
8201
8207
8212
8214
8240
8244
8266
8269
8270
8278
8279
8281
8285
8288
8299
8301
8318
8319
8323
8326
8335
8347
8348
8360
8364
8365
8386
8387
8392
8395
8401
8421
8426
8429
8436
8437
8450
8457
8480
8487
8502
8506
8522
8528
8531
8549
8552
8554
8559
8560
8570
8580
8597
8611
8616
8622
8628
8641
8652
8659
8672
8673
8674
8676
8680
8683
8698
8707
8708
8721
8722
8727
8734
8744
8746
8757
8772
8780
8788
8790
8794
8801
8810
8825
8847
8866
8874
8876
8878
8888
8897
8906
8911
8918
8926
8927
8929
8936
8940
8947
8951
8958
8961
8968
8969
8970
8977
8981
8987
8989
8990
8993
8995
9017
9023
9027
9031
9042
9045
9055
9056
9081
9092
9100
9101
9102
9111
9117
9124
9127
9132
9143
9149
9151
9159
9160
9161
9162
9163
9165
9168
9171
9173
9179
9180
9181
9183
9185
9212
9214
9220
9235
9239
9242
9243
9255
9262
9275
9290
9291
9294
9310
9315
9326
9350
9351
9357
9359
9361
9365
9371
9396
9415
9422
9431
9439
9443
9445
9450
9459
9475
9476
9481
9484
9499
9505
9510
9535
9541
9546
9552
9553
9556
9559
9564
9569
9577
9579
9581
9584
9598
9601
9610
9617
9624
9635
9642
9644
9658
9661
9663
9669
9670
9674
9676
9680
9682
9685
9686
9707
9711
9718
9719
9725
9726
9732
9741
9742
9748
9752
9756
9760
9763
9775
9780
9787
9800
9801
9813
9815
9823
9831
9850
9852
9854
9855
9857
9868
9877
9883
9884
9897
9900
9911
9912
9913
9925
9930
9932
9936
9952
9959
9976
9977
9984
10011
10016
10028
10033
10035
10067
10077
10081
10087
10088
10110
10119
10130
10171
10187
10188
10199
10202
10205
10209
10214
10228
10232
10235
10237
10239
10242
10245
10253
10258
10260
10262
10266
10268
10269
10285
10288
10296
10304
10314
10315
10318
10326
10328
10335
10337
10345
10346
10386
10390
10397
10412
10418
10421
10425
10426
10428
10433
10436
10446
10451
10462
10463
10465
10483
10485
10494
10499
10506
10508
10530
10546
10576
10580
10589
10602
10612
10614
10625
10626
10650
10655
10664
10669
10681
10683
10706
10721
10727
10732
10735
10753
10757
10760
10763
10766
10769
10775
10784
10798
10804
10812
10815
10817
10845
10847
10850
10858
10859
10863
10865
10874
10877
10892
10916
10927
10928
10934
10938
10942
10944
10946
10954
10970
10978
10986
10992
10998
11015
11026
11030
11041
11045
11051
11053
11057
